Day,Sales,Trading Profit,Operating Expense,Net Profit
0,0,0,0,0
1,0,0,12600,-12600
2,0,0,154560,-154560
3,0,0,245920,-245920
4,0,0,281780,-281780
5,72436,30761,349695,-318934
6,172960,113430,406960,-293530
7,174960,57968,514138,-456170
8,179381,55746,590890,-535144
9,246092,85108,638688,-553580
10,867135,482085,725177,-243092
11,2145575,961808,792828,168980
12,2332769,1100723,841438,259285
13,3561737,1478679,979777,498902
14,3740013,1622432,1025395,597037
15,3764616,1643502,1195613,447889
16,4323313,1782009,1251548,530461
17,4385635,1736609,1307235,429374
18,5149724,1915747,1364648,551099
19,5223708,1953095,1484069,469026
20,5252151,1977412,1573723,403689
21,5346685,2008292,1642989,365303
22,5529051,2042216,1704997,337219
23,6253818,2237633,1765343,472290
24,6347184,2296200,1825769,470431
25,6498704,2372024,1916448,455576
26,6589845,2425718,1986849,438869
27,7544346,2696005,2050355,645650
28,7647670,2768336,2111689,656647
29,7757398,2839374,2173025,666349
30,7873949,2887088,2264693,622395
31,8236643,3001296,2325594,675702
32,8295379,3033295,2452621,580674
33,8741389,3228902,2530808,698094
34,8893017,3360123,2605563,754560
35,9510464,3623141,2704949,918192
36,9692255,3785759,2774222,1011537
37,9967575,4026353,2845550,1180803
38,10187908,4191639,2915619,1276020
39,10415062,4374908,2982435,1392473
40,10594415,4510765,3084786,1425979
41,10743724,4617670,3158763,1458907
42,11279531,4667726,3302502,1365224
43,12047429,4891927,3373214,1518713
44,13712039,5457621,3495210,1962411
45,14292823,5691896,3614543,2077353
46,14609309,5972475,3704930,2267545
47,14789201,6100342,3796588,2303754
48,15022928,6294215,3887881,2406334
49,15750008,6542337,3988535,2553802
50,15972140,6717131,4111406,2605725
51,16104088,6832423,4204815,2627608
52,16324401,7025119,4277613,2747506
53,16486424,7149791,4358936,2790855
54,16682854,7282502,4436119,2846383
55,16957085,7508595,4541524,2967071
56,17440934,7794687,4619798,3174889
57,17745219,8068441,4695514,3372927
58,18191225,8349750,4773301,3576449
59,18336402,8472969,4847139,3625830
60,18471534,8595324,4953100,3642224
61,18703181,8806487,5035929,3770558
62,19255447,9061775,5153089,3908686
63,19438643,9194289,5224459,3969830
64,19605594,9343967,5291721,4052246
65,20029637,9540921,5393208,4147713
66,20226055,9703837,5462624,4241213
67,20661927,9887712,5547098,4340614
68,20826130,10010817,5622616,4388201
69,21542368,10138151,5707623,4430528
70,22133211,10256745,5807807,4448938
71,22318005,10425025,5877222,4547803
72,22511507,10600267,5946626,4653641
73,22739913,10795033,6015914,4779119
74,23119101,11121335,6089325,5032010
75,23363325,11331323,6210253,5121070
76,23587076,11527269,6282451,5244818
77,23821152,11733267,6352409,5380858
78,24544787,12185141,6428315,5756826
79,25333763,12707718,6502439,6205279
80,25787269,13113875,6602696,6511179
81,26167986,13462167,6695448,6766719
82,26871264,13784113,6767296,7016817
83,27120938,13996918,6841161,7155757
84,27824401,14261517,6913054,7348463
85,28067201,14470498,7019427,7451071
86,29173763,14843491,7099506,7743985
87,29781676,15122409,7174173,7948236
88,30035671,15327350,7266539,8060811
89,30721214,15607348,7362838,8244510
90,31060948,15882292,7472302,8439990